In [22]: phi_empiric_pool
Out[22]: 
array([[ 3.49814536,  0.60127061,  1.64081504,  0.77659737],
       [ 3.21374842,  0.61654764,  2.25665823,  1.27423572],
       [ 3.30941819,  0.61492027,  3.10215764,  2.00227369],
       [ 3.2915944 ,  0.62830205,  4.19268848,  2.64956247],
       [ 3.26203885,  0.58591381,  4.95626521,  3.51068058],
       [ 3.4069356 ,  0.60043964,  5.9164019 ,  4.17201271],
       [ 3.42341777,  0.60465336,  7.55095517,  5.3016371 ]])

In [23]: phi_sim_pool
Out[23]: 
array([[ 2.46981611,  0.11800424,  0.63390131,  1.11945737],
       [ 2.50004879,  0.18328686,  0.8409174 ,  2.11426707],
       [ 2.51409123,  0.21012939,  1.1463918 ,  3.0632258 ],
       [ 2.55976255,  0.23676013,  1.51186184,  3.97142765],
       [ 2.55164326,  0.26504934,  1.92626619,  4.84811229],
       [ 2.57059587,  0.29764182,  2.48604586,  5.9114939 ],
       [ 2.65742652,  0.32707062,  3.03990694,  6.91486479]])

In [24]: phi_sim_pool2
Out[24]: 
array([[ 2.45227246,  0.12500112,  0.48758708,  0.8979603 ],
       [ 2.50284954,  0.18252655,  0.63205755,  1.50167312],
       [ 2.52294654,  0.18735658,  0.82452565,  2.10565548],
       [ 2.54887851,  0.21333073,  1.04897646,  2.71854497],
       [ 2.53470684,  0.23502067,  1.29794898,  3.37256858],
       [ 2.54296055,  0.25707136,  1.65086353,  4.2206981 ],
       [ 2.59739158,  0.27485427,  2.00892031,  5.04969616]])
